minimum  : 0.02705
maximum  : 398.98703
average  : 207.72701
median   : 200.15706
std_dev  : 115.27002
bin_count: [10, 14, 17, 16, 14, 16, 22, 18, 16, 15, 11, 15, 11, 26, 15, 19]
