minimum  : 1.00647
maximum  : 397.40702
average  : 202.52495
median   : 199.46756
std_dev  : 121.61606
bin_count: [18, 22, 14, 17, 12, 24, 14, 13, 14, 10, 14, 16, 17, 21, 21, 20]
