minimum  : 1.69576
maximum  : 399.45698
average  : 211.39233
median   : 225.95309
std_dev  : 118.12677
bin_count: [15, 9, 12, 16, 14, 10, 18, 9, 7, 17, 20, 12, 14, 13, 13, 23]
